200
37 12
41 41
9 16
15 3
4 25
39 11
50 19
7 31
45 20
14 50
50 13
28 35
42 48
43 47
47 24
47 38
12 48
41 46
17 31
36 37
41 6
38 21
20 22
10 48
3 35
26 35
34 13
19 28
4 2
20 25
25 50
41 29
28 38
49 15
50 50
31 20
22 17
18 46
11 34
4 24
24 40
8 47
26 23
18 3
46 9
40 17
2 50
16 17
21 48
33 4
29 34
5 23
43 19
2 50
14 11
5 5
20 2
34 17
50 42
9 25
22 18
39 41
2 21
10 14
2 30
23 7
16 19
46 17
42 7
47 33
16 35
4 4
11 6
47 17
28 10
6 43
29 15
39 4
29 37
16 3
6 10
44 16
30 30
34 32
23 34
31 26
48 33
12 30
35 9
38 2
35 19
47 26
50 26
14 24
43 12
26 16
50 25
49 14
31 45
15 50
28 31
28 22
11 22
28 24
39 18
48 4
7 21
14 27
35 3
42 29
47 9
17 9
15 19
49 39
40 27
44 10
39 26
10 4
26 40
37 2
26 20
46 35
24 14
27 31
30 26
34 4
9 41
20 5
50 28
39 28
5 25
42 48
40 11
38 25
16 13
35 38
34 39
5 21
45 6
13 4
34 15
22 28
22 48
17 33
2 2
20 21
48 20
27 4
10 16
16 33
43 29
26 29
3 5
33 30
23 3
30 4
21 10
22 50
36 42
47 10
22 41
5 40
33 7
18 35
32 4
49 42
12 49
32 11
17 25
17 6
2 31
8 34
36 6
7 42
16 16
17 14
2 1
50 16
17 45
30 40
43 37
14 8
5 31
24 50
18 14
19 23
46 18
3 15
3 36
38 34
22 14
5 49
40 4
42 9
34 23
44 35
38 16
20 50
41 13
35 20
